function [no_attacks, no_traces_vector, vsize, keyc, sboxc, faultc] = config()

% we may choose torepeat the attack multiple times to estimate the average 
% success rate 
no_attacks = 1;

% number of traces/faults/ciphtertexts used in every attack
no_traces_vector = [2000]; 

% value size
vsize = 256;


% The collection of keys used in various versions of PFA is stored in the
% struct keyset

% set the key byte used for the single-sbox 10th AES round 
keyc.key_byte_lastroundAES_correct = 13; 

% set the key for the full AES
keyc.key_fullAES_correct = [0 1 2 3 4 5 6 7 8 9 10 11 12 13 14 15];

% this key means that the last AES round key is:
keyc.key_lastroundAES_correct = [19 17 29 127 227 148 74 23 243 7 167 139 77 43 48 197];

% and also that the last round key after SR and MC is:
keyc.key_lastroundAES_correct_sr_mc = [98 254 9 9 239 231 104 24 246 73 172 3 191 63 60 73];


% The collection of sboxes (with/without persistent faults) is stored in 
% the struct sboxc and the respective fault positions in the struct faultc

% AES sbox, correct version
sboxc.sbox = [99,124,119,123,242,107,111,197,48,1,103,43,254,215,171,118,202,130,201,125,250,89,71,240,173,212,162,175,156,164,114,192,183,253,147,38,54,63,247,204,52,165,229,241,113,216,49,21,4,199,35,195,24,150,5,154,7,18,128,226,235,39,178,117,9,131,44,26,27,110,90,160,82,59,214,179,41,227,47,132,83,209,0,237,32,252,177,91,106,203,190,57,74,76,88,207,208,239,170,251,67,77,51,133,69,249,2,127,80,60,159,168,81,163,64,143,146,157,56,245,188,182,218,33,16,255,243,210,205,12,19,236,95,151,68,23,196,167,126,61,100,93,25,115,96,129,79,220,34,42,144,136,70,238,184,20,222,94,11,219,224,50,58,10,73,6,36,92,194,211,172,98,145,149,228,121,231,200,55,109,141,213,78,169,108,86,244,234,101,122,174,8,186,120,37,46,28,166,180,198,232,221,116,31,75,189,139,138,112,62,181,102,72,3,246,14,97,53,87,185,134,193,29,158,225,248,152,17,105,217,142,148,155,30,135,233,206,85,40,223,140,161,137,13,191,230,66,104,65,153,45,15,176,84,187,22];

% AES sbox with a single persistent fault in the first position 
% i.e. the value is 42 instead of 99
sboxc.sbox_faulty = [42,124,119,123,242,107,111,197,48,1,103,43,254,215,171,118,202,130,201,125,250,89,71,240,173,212,162,175,156,164,114,192,183,253,147,38,54,63,247,204,52,165,229,241,113,216,49,21,4,199,35,195,24,150,5,154,7,18,128,226,235,39,178,117,9,131,44,26,27,110,90,160,82,59,214,179,41,227,47,132,83,209,0,237,32,252,177,91,106,203,190,57,74,76,88,207,208,239,170,251,67,77,51,133,69,249,2,127,80,60,159,168,81,163,64,143,146,157,56,245,188,182,218,33,16,255,243,210,205,12,19,236,95,151,68,23,196,167,126,61,100,93,25,115,96,129,79,220,34,42,144,136,70,238,184,20,222,94,11,219,224,50,58,10,73,6,36,92,194,211,172,98,145,149,228,121,231,200,55,109,141,213,78,169,108,86,244,234,101,122,174,8,186,120,37,46,28,166,180,198,232,221,116,31,75,189,139,138,112,62,181,102,72,3,246,14,97,53,87,185,134,193,29,158,225,248,152,17,105,217,142,148,155,30,135,233,206,85,40,223,140,161,137,13,191,230,66,104,65,153,45,15,176,84,187,22];
faultc.fault_single_position = 0;

% We include the inverse sbox for decryption purposes 
% this is also needed in the case of PFA with unknonwn fault location

% AES inverse sbox, correct version
sboxc.inv_sbox = [82,9,106,213,48,54,165,56,191,64,163,158,129,243,215,251,124,227,57,130,155,47,255,135,52,142,67,68,196,222,233,203,84,123,148,50,166,194,35,61,238,76,149,11,66,250,195,78,8,46,161,102,40,217,36,178,118,91,162,73,109,139,209,37,114,248,246,100,134,104,152,22,212,164,92,204,93,101,182,146,108,112,72,80,253,237,185,218,94,21,70,87,167,141,157,132,144,216,171,0,140,188,211,10,247,228,88,5,184,179,69,6,208,44,30,143,202,63,15,2,193,175,189,3,1,19,138,107,58,145,17,65,79,103,220,234,151,242,207,206,240,180,230,115,150,172,116,34,231,173,53,133,226,249,55,232,28,117,223,110,71,241,26,113,29,41,197,137,111,183,98,14,170,24,190,27,252,86,62,75,198,210,121,32,154,219,192,254,120,205,90,244,31,221,168,51,136,7,199,49,177,18,16,89,39,128,236,95,96,81,127,169,25,181,74,13,45,229,122,159,147,201,156,239,160,224,59,77,174,42,245,176,200,235,187,60,131,83,153,97,23,43,4,126,186,119,214,38,225,105,20,99,85,33,12,125];
% AES inverse sbox with a single persistent fault
sboxc.inv_sbox_faulty = [82,9,106,213,48,54,165,56,191,64,163,158,129,243,215,251,124,227,57,130,155,47,255,135,52,142,67,68,196,222,233,203,84,123,148,50,166,194,35,61,238,76,149,11,66,250,195,78,8,46,161,102,40,217,36,178,118,91,162,73,109,139,209,37,114,248,246,100,134,104,152,22,212,164,92,204,93,101,182,146,108,112,72,80,253,237,185,218,94,21,70,87,167,141,157,132,144,216,171,42,140,188,211,10,247,228,88,5,184,179,69,6,208,44,30,143,202,63,15,2,193,175,189,3,1,19,138,107,58,145,17,65,79,103,220,234,151,242,207,206,240,180,230,115,150,172,116,34,231,173,53,133,226,249,55,232,28,117,223,110,71,241,26,113,29,41,197,137,111,183,98,14,170,24,190,27,252,86,62,75,198,210,121,32,154,219,192,254,120,205,90,244,31,221,168,51,136,7,199,49,177,18,16,89,39,128,236,95,96,81,127,169,25,181,74,13,45,229,122,159,147,201,156,239,160,224,59,77,174,42,245,176,200,235,187,60,131,83,153,97,23,43,4,126,186,119,214,38,225,105,20,99,85,33,12,125];

% AES sbox with 4 persistent faults in the 1st, 2nd, 3rd and 4th  positions
% i.e. the sbox has values (42, 123, 222, 111) instead of (99, 124, 119, 123)
sboxc.sbox_faulty_multiple = [42,123,222,111,242,107,111,197,48,1,103,43,254,215,171,118,202,130,201,125,250,89,71,240,173,212,162,175,156,164,114,192,183,253,147,38,54,63,247,204,52,165,229,241,113,216,49,21,4,199,35,195,24,150,5,154,7,18,128,226,235,39,178,117,9,131,44,26,27,110,90,160,82,59,214,179,41,227,47,132,83,209,0,237,32,252,177,91,106,203,190,57,74,76,88,207,208,239,170,251,67,77,51,133,69,249,2,127,80,60,159,168,81,163,64,143,146,157,56,245,188,182,218,33,16,255,243,210,205,12,19,236,95,151,68,23,196,167,126,61,100,93,25,115,96,129,79,220,34,42,144,136,70,238,184,20,222,94,11,219,224,50,58,10,73,6,36,92,194,211,172,98,145,149,228,121,231,200,55,109,141,213,78,169,108,86,244,234,101,122,174,8,186,120,37,46,28,166,180,198,232,221,116,31,75,189,139,138,112,62,181,102,72,3,246,14,97,53,87,185,134,193,29,158,225,248,152,17,105,217,142,148,155,30,135,233,206,85,40,223,140,161,137,13,191,230,66,104,65,153,45,15,176,84,187,22];
faultc.fault_multiple_positions = [0 1 2 3];


end